-122.31 47.650 23808   5
-157.99 27.520 23808   0
-157.99 27.530 23808   1
-157.99 27.540 23808   2
-157.97 27.550 23808   3
-157.97 27.550 23808   4
-157.97 27.570 23808   6
-157.95 27.580 23808   7
-157.94 27.580 23808   8
-157.94 27.580 23808   9
-157.94 27.590 23808  10
-157.93 27.620 23808  11
-157.93 27.620 23808  12
-157.93 27.630 23808  13
-157.93 27.630 23808  14
-157.94 27.650 23808  15
-157.97 27.670 23808  16
-157.97 27.690 23808  17
-157.96 27.700 23808  18
-158.00 27.680 23808  19
-158.05 27.670 23808  20
-158.11 27.640 23808  21
-158.16 27.620 23808  22
-158.29 27.570 23808  23
-158.42 27.510 23808  24
-158.46 27.480 23808  25
-158.52 27.480 23808  26
-158.63 27.480 23808  27
-158.65 27.400 23808  28
-158.71 27.260 23808  29
