-102.97 -48.980 23031   0
-102.94 -48.980 23031   1
-102.38 -48.930 23031   2
-102.14 -48.620 23031   3
-102.40 -47.910 23031   4
-102.88 -47.470 23031   5
-103.17 -47.370 23031   6
-103.53 -47.480 23031   7
-103.79 -47.880 23031   8
-103.42 -48.350 23031   9
-102.84 -48.410 23031  10
-102.42 -48.140 23031  11
-102.16 -47.750 23031  12
-102.19 -47.420 23031  13
-102.32 -47.240 23031  14
-102.57 -47.020 23031  15
-102.85 -46.760 23031  16
-102.94 -46.620 23031  17
-103.06 -46.520 23031  18
-103.13 -46.520 23031  19
-103.33 -46.560 23031  20
-103.65 -46.480 23031  21
-104.04 -46.430 23031  22
-104.41 -46.310 23031  23
-104.37 -45.850 23031  25
-103.87 -45.640 23031  26
-103.22 -45.650 23031  27
-102.70 -45.620 23031  28
-102.31 -45.410 23031  29
-101.98 -44.640 23031  31
-101.95 -44.400 23031  32
-101.75 -44.360 23031  33
-101.47 -44.340 23031  34
-101.30 -44.380 23031  35
-100.87 -44.430 23031  36
-100.48 -44.470 23031  37
 -99.98 -44.460 23031  38
 -99.66 -44.410 23031  39
 -99.51 -44.330 23031  40
 -99.58 -44.200 23031  41
